200001081457 46.1997 -122.1904 -1900.000000
200002100556 46.2050 -122.1827 -5900.000000
200002210402 46.2017 -122.1867 -1900.000000
200002220706 46.1472 -122.1456 -12100.000000
200002241810 46.1460 -122.1481 -12200.000000
200002272046 46.3065 -122.2486 -8000.000000
200002272046 46.3057 -122.2476 -8000.000000
200002280633 46.2565 -122.0522 -12800.000000
200002291823 46.2585 -122.0534 -12500.000000
200003210808 46.2013 -122.1854 -1900.000000
200004062150 46.3853 -122.3279 -19900.000000
200005040130 46.2568 -122.0536 -12000.000000
200005040134 46.2582 -122.0556 -11700.000000
200006191559 46.3262 -122.2446 -8100.000000
200006291231 46.3600 -122.2581 -10900.000000
200007191043 46.3278 -122.1769 -8200.000000
200007301020 46.3358 -122.2417 -11000.000000
200008071510 46.2020 -122.1886 -1700.000000
200008130253 46.2597 -122.0522 -11700.000000
200009091217 46.2013 -122.1897 -2100.000000
200009100001 46.3927 -122.2977 -19900.000000
200009240707 46.3473 -122.3497 -18000.000000
200009280819 46.1955 -122.1991 -7700.000000
200010150851 46.2017 -122.1902 -2000.000000
200101080141 46.2013 -122.1879 -2100.000000
200101142245 46.0495 -122.1052 -12100.000000
200101260818 46.3477 -122.2646 -13800.000000
200103030202 46.2005 -122.1889 -2000.000000
200103171955 46.0693 -122.0994 -6100.000000
200105070219 46.2003 -122.1891 -1800.000000
200105081503 46.3437 -122.3489 -17800.000000
200105241110 46.2032 -122.1891 -2200.000000
200105251843 46.2032 -122.1857 -2000.000000
200107200607 46.2602 -122.0557 -12100.000000
200107282043 46.2035 -122.1861 -2000.000000
200107310111 46.2047 -122.1832 -1700.000000
200108041251 46.1025 -122.4817 -14800.000000
200109250052 46.2007 -122.1869 -2100.000000
200109251803 46.2032 -122.1892 -2100.000000
200110090849 46.2630 -122.0526 -11000.000000
200110120536 46.2618 -122.0554 -10900.000000
200110261306 46.2007 -122.1881 -2000.000000
200111041912 46.2043 -122.1894 -1800.000000
200111221252 46.2023 -122.1887 -1900.000000
200111250715 46.1993 -122.1866 -1100.000000
200204110812 46.2020 -122.1872 -2000.000000
200205091815 46.2022 -122.1876 -2100.000000
200205221913 46.2030 -122.1859 -2100.000000
200206091522 46.2025 -122.1886 -4500.000000
200206101725 46.3188 -122.2211 -3900.000000
200207220859 46.2015 -122.1897 -2100.000000
200208260536 46.2017 -122.1869 -1900.000000
200210261855 46.2187 -122.4267 -8500.000000
200210290345 46.2012 -122.1896 -1900.000000
200211200216 46.2012 -122.1896 -1900.000000
200211222104 46.2013 -122.1867 -1900.000000
200212040944 46.2010 -122.1877 -1900.000000
200303031955 46.0923 -122.1567 -6500.000000
200303032006 46.0910 -122.1514 -6200.000000
200305070916 46.3602 -122.3329 -18800.000000
200305211921 46.3553 -122.2536 -11000.000000
200306100202 46.2010 -122.1871 -2300.000000
200306300132 46.2663 -122.0542 -10500.000000
200307030644 46.2655 -122.0524 -10600.000000
200307201046 46.2013 -122.1881 -2300.000000
200310191102 46.1980 -122.1896 -1800.000000
200310191922 46.1815 -122.0239 -8300.000000
200311151039 46.2015 -122.1871 -2100.000000
200311151215 46.3767 -122.3304 -18600.000000
