BMB 46.2064004054794 -122.187000016323 1778
CDF 46.1168898259763 -122.046230016587 756
EDM 46.1971699038597 -122.151209956684 1609
ELK 46.3053904432001 -122.342049989732 1270
ERK 46.305384183316 -122.342056947401 1270
ESD 46.1971618855471 -122.151220967116 1609
FL2 46.1962198145844 -122.351490071896 1378
FRH 46.2061002313878 -122.188200001227 1766
GOA 46.2029001162205 -122.160699995911 1826
HSR 46.1742796821372 -122.180649949102 1720
JLK 46.1470582501548 -122.152431687155 1049
JRO 46.2750998895238 -122.217799981606 1280
JUN 46.1470600374994 -122.152429976363 1049
KAT 46.2037002724954 -122.212699959573 1917
KRS 46.206399602698 -122.187900038238 1755
LDY 46.2064996440698 -122.18830002384 1763
LND 46.1804000586819 -122.20309998467 1918
LVP 46.0659502697154 -122.401930044696 1130
MIB 46.1973196027885 -122.186909995566 2132
MID 46.1977499743387 -122.18743996556 2132
MTM 46.025330176523 -122.21287004902 1121
NED 46.2002498158339 -122.185490011241 2060
QNY 46.2057996296849 -122.188200022173 1779
RAF 46.1956800919417 -122.186319988254 2132
S20 46.1988000139192 -122.163200014942 2034
S19 46.2100003813957 -122.18750005999 1670
S17 46.2039002133767 -122.231099996949 1463
S16 46.2234997215889 -122.124500037241 1250
S15 46.1855003102662 -122.112099965255 1241
S14 46.1489998163067 -122.20780001828 1017
S13 46.2007000043622 -122.260600024109 1081
S12 46.2388999305229 -122.150300011488 1390
S11 46.1692000843091 -122.144900035998 1292
S10 46.1785004300352 -122.21380003509 1544
S09 46.2226995580301 -122.218500051273 1352
S08 46.2227995564702 -122.156100012764 1385
S07 46.1992998124691 -122.146200066804 1435
S06 46.1685004367325 -122.191099952336 1566
S05 46.2321996563444 -122.193700026488 1313
S04 46.1878997539361 -122.175299960335 2234
S03 46.18999997699 -122.201999952188 2275
S02 46.2098002090602 -122.202400049511 2145
S01 46.2156996846441 -122.175000042753 1866
SEN 46.1935002355088 -122.185429941543 0
SEP 46.2002096101955 -122.190599983417 2116
SHW 46.1934701315675 -122.236349949217 1425
SFT 46.2115001071464 -122.357549955962 783
SOS 46.2438603711953 -122.137869987299 1270
STD 46.2376101763953 -122.223959991525 1268
SUG 46.2155503698127 -122.176260013176 1859
TDL 46.3506703384063 -122.217040065773 1400
WES 46.1958299374689 -122.19375002167 2130
YEL 46.2095501587242 -122.188989992077 1750
