   1.8613000e+01   2.1277916e+01  -1.2345000e+04
   1.8613000e+01   1.9498962e+01  -1.2345000e+04
   1.8613000e+01   2.0083290e+01  -1.2345000e+04
   1.8613000e+01   2.2771004e+01  -1.2345000e+04
   1.8613000e+01   2.2412409e+01  -1.2345000e+04
   1.8613000e+01   1.9637699e+01  -1.2345000e+04
   1.8613000e+01   1.9993216e+01  -1.2345000e+04
   1.8613000e+01   1.9216692e+01  -1.2345000e+04
   1.8251000e+01   2.1115902e+01  -1.2345000e+04
   1.8251000e+01   1.9712545e+01  -1.2345000e+04
   1.8251000e+01   2.0891365e+01  -1.2345000e+04
   1.8251000e+01   1.9771648e+01  -1.2345000e+04
   1.8251000e+01   1.9966425e+01  -1.2345000e+04
   1.8251000e+01   1.9693739e+01  -1.2345000e+04
   1.8251000e+01   1.9758663e+01  -1.2345000e+04
   1.8251000e+01   1.9758663e+01  -1.2345000e+04
   1.8251000e+01   1.9654783e+01  -1.2345000e+04
   1.8286000e+01   1.9197981e+01  -1.2345000e+04
   1.8286000e+01   2.1041056e+01  -1.2345000e+04
   1.8286000e+01   1.9304186e+01  -1.2345000e+04
   1.8286000e+01   1.9784634e+01  -1.2345000e+04
   1.8286000e+01   1.9356127e+01  -1.2345000e+04
   1.8286000e+01   1.9732693e+01  -1.2345000e+04
   1.6707000e+01   1.9265232e+01  -1.2345000e+04
   1.6707000e+01   1.9421051e+01  -1.2345000e+04
   1.6707000e+01   1.9421051e+01  -1.2345000e+04
   1.6707000e+01   1.9421051e+01  -1.2345000e+04
   1.6707000e+01   2.1148066e+01  -1.2345000e+04
   1.6725000e+01   2.1018215e+01  -1.2345000e+04
   1.6725000e+01   1.9317171e+01  -1.2345000e+04
   1.6725000e+01   2.0330008e+01  -1.2345000e+04
   1.6725000e+01   1.9200306e+01  -1.2345000e+04
   1.6725000e+01   1.8836723e+01  -1.2345000e+04
   1.6725000e+01   2.0966274e+01  -1.2345000e+04
   1.6725000e+01   1.9953440e+01  -1.2345000e+04
   1.6725000e+01   1.9421051e+01  -1.2345000e+04
   1.6725000e+01   1.9472992e+01  -1.2345000e+04
   1.6725000e+01   1.9511948e+01  -1.2345000e+04
   1.6725000e+01   2.1135080e+01  -1.2345000e+04
   1.6725000e+01   1.9460007e+01  -1.2345000e+04
   1.6130000e+01   1.9161350e+01  -1.2345000e+04
   1.6130000e+01   2.0810453e+01  -1.2345000e+04
   1.6130000e+01   1.9563887e+01  -1.2345000e+04
   1.6130000e+01   1.9471827e+01  -1.2345000e+04
   1.6130000e+01   2.2246576e+01  -1.2345000e+04
   1.6130000e+01   2.1472692e+01  -1.2345000e+04
   1.6130000e+01   1.9423468e+01  -1.2345000e+04
   1.6130000e+01   1.9771648e+01  -1.2345000e+04
   1.6130000e+01   1.9719709e+01  -1.2345000e+04
   1.6130000e+01   1.9356127e+01  -1.2345000e+04
   1.5790000e+01   2.0472843e+01  -1.2345000e+04
   1.5790000e+01   1.9109411e+01  -1.2345000e+04
   1.5790000e+01   2.1875229e+01  -1.2345000e+04
   1.5790000e+01   1.8252396e+01  -1.2345000e+04
   1.5790000e+01   1.8979559e+01  -1.2345000e+04
   1.8720000e+01   2.1836273e+01  -1.2345000e+04
   1.8720000e+01   2.1940155e+01  -1.2345000e+04
   1.8720000e+01   2.1511648e+01  -1.2345000e+04
   1.8720000e+01   2.0200155e+01  -1.2345000e+04
   1.8720000e+01   2.0187170e+01  -1.2345000e+04
   1.8720000e+01   2.2095976e+01  -1.2345000e+04
   1.7961000e+01   2.4783884e+01  -1.2345000e+04
   1.7961000e+01   2.1472692e+01  -1.2345000e+04
   1.7961000e+01   2.3446423e+01  -1.2345000e+04
   1.7961000e+01   2.2667318e+01  -1.2345000e+04
   1.7961000e+01   2.3615229e+01  -1.2345000e+04
   1.7961000e+01   2.4576124e+01  -1.2345000e+04
   1.7961000e+01   2.5342241e+01  -1.2345000e+04
   1.7961000e+01   2.3319702e+01  -1.2345000e+04
   1.7961000e+01   2.2976130e+01  -1.2345000e+04
   1.7961000e+01   2.2758213e+01  -1.2345000e+04
   1.7961000e+01   2.1706425e+01   2.1647991e+01
   1.7961000e+01   2.3108810e+01  -1.2345000e+04
   1.6609000e+01   2.0946783e+01   2.0946783e+01
   1.6609000e+01   2.1212757e+01  -1.2345000e+04
   1.6609000e+01   1.9940454e+01  -1.2345000e+04
   1.6609000e+01   1.9882881e+01  -1.2345000e+04
   1.6609000e+01   2.1817247e+01  -1.2345000e+04
   1.6609000e+01   1.9862545e+01  -1.2345000e+04
   1.6609000e+01   2.0148855e+01  -1.2345000e+04
   1.6609000e+01   1.9005949e+01  -1.2345000e+04
   1.6609000e+01   2.0070305e+01  -1.2345000e+04
   1.3089000e+01   1.6512398e+01  -1.2345000e+04
   1.3089000e+01   1.7432917e+01  -1.2345000e+04
   1.3089000e+01   1.6162539e+01  -1.2345000e+04
   1.6414000e+01   2.1489466e+01  -1.2345000e+04
   1.6414000e+01   1.8535181e+01  -1.2345000e+04
   1.6414000e+01   1.9781717e+01  -1.2345000e+04
   1.6414000e+01   2.0303278e+01  -1.2345000e+04
   1.6414000e+01   2.0536180e+01  -1.2345000e+04
   1.6414000e+01   2.2165127e+01  -1.2345000e+04
   1.6414000e+01   1.8845215e+01  -1.2345000e+04
   1.6414000e+01   1.8093569e+01  -1.2345000e+04
   1.5767000e+01   2.1236237e+01  -1.2345000e+04
   1.5767000e+01   1.8109404e+01  -1.2345000e+04
   1.5767000e+01   1.9445414e+01  -1.2345000e+04
   1.6322000e+01   2.1110018e+01  -1.2345000e+04
   1.6322000e+01   1.9033449e+01  -1.2345000e+04
   1.6322000e+01   1.9650595e+01  -1.2345000e+04
   1.6322000e+01   2.0135149e+01  -1.2345000e+04
   1.6322000e+01   2.2404299e+01  -1.2345000e+04
   1.6322000e+01   1.8677250e+01  -1.2345000e+04
   1.6322000e+01   1.8841850e+01  -1.2345000e+04
   1.6322000e+01   1.8101145e+01  -1.2345000e+04
   1.6839000e+01   2.2039824e+01  -1.2345000e+04
   1.6839000e+01   1.9241598e+01  -1.2345000e+04
   1.6839000e+01   2.0793554e+01  -1.2345000e+04
   1.6839000e+01   2.0393808e+01  -1.2345000e+04
   1.6839000e+01   2.0887613e+01  -1.2345000e+04
   1.6839000e+01   2.1111002e+01  -1.2345000e+04
   1.6839000e+01   2.0581924e+01  -1.2345000e+04
   1.6839000e+01   1.9723644e+01  -1.2345000e+04
   1.6839000e+01   1.8841850e+01  -1.2345000e+04
   1.8190000e+01   2.1346146e+01  -1.2345000e+04
   1.8190000e+01   1.9112268e+01  -1.2345000e+04
   1.8190000e+01   2.0875856e+01  -1.2345000e+04
   1.8190000e+01   1.9641344e+01  -1.2345000e+04
   1.8190000e+01   1.8747793e+01  -1.2345000e+04
   1.8190000e+01   1.9194569e+01  -1.2345000e+04
   1.8190000e+01   1.9653101e+01  -1.2345000e+04
   1.8190000e+01   1.9335655e+01  -1.2345000e+04
   1.6142000e+01   1.9582558e+01  -1.2345000e+04
   1.6142000e+01   2.0417324e+01  -1.2345000e+04
   1.6142000e+01   1.9088753e+01  -1.2345000e+04
   1.6142000e+01   2.0781797e+01  -1.2345000e+04
   1.6142000e+01   1.9483723e+01  -1.2345000e+04
   1.6142000e+01   1.9427465e+01  -1.2345000e+04
   1.6142000e+01   1.8485174e+01  -1.2345000e+04
   1.6142000e+01   1.9244633e+01  -1.2345000e+04
   1.6142000e+01   1.9568108e+01  -1.2345000e+04
   1.7999000e+01   1.8921160e+01  -1.2345000e+04
   1.7999000e+01   1.9061802e+01  -1.2345000e+04
   1.7999000e+01   1.9497787e+01  -1.2345000e+04
   1.7999000e+01   1.8611752e+01  -1.2345000e+04
   1.7999000e+01   1.9103992e+01  -1.2345000e+04
   1.7999000e+01   1.9483723e+01  -1.2345000e+04
   1.7999000e+01   1.9202440e+01  -1.2345000e+04
   1.7999000e+01   1.8639879e+01  -1.2345000e+04
   1.7969000e+01   2.0974512e+01  -1.2345000e+04
   1.7969000e+01   2.1044832e+01  -1.2345000e+04
   1.7969000e+01   1.9849388e+01  -1.2345000e+04
   1.7969000e+01   1.9652491e+01  -1.2345000e+04
   1.7969000e+01   1.9807196e+01  -1.2345000e+04
   1.7969000e+01   2.1987123e+01  -1.2345000e+04
   1.7969000e+01   1.9582170e+01  -1.2345000e+04
   1.7969000e+01   1.9849388e+01  -1.2345000e+04
   1.7969000e+01   1.9666555e+01  -1.2345000e+04
   1.8332000e+01   2.1368305e+01  -1.2345000e+04
   1.8332000e+01   1.9258698e+01  -1.2345000e+04
   1.8332000e+01   2.1016705e+01  -1.2345000e+04
   1.8332000e+01   1.9357145e+01  -1.2345000e+04
   1.8332000e+01   1.8893032e+01  -1.2345000e+04
   1.8332000e+01   1.9427465e+01  -1.2345000e+04
   1.8332000e+01   1.9793131e+01  -1.2345000e+04
   1.8332000e+01   1.9525915e+01  -1.2345000e+04
   1.8933000e+01   1.9891581e+01  -1.2345000e+04
   1.8933000e+01   2.1607395e+01  -1.2345000e+04
   1.8933000e+01   1.9933773e+01  -1.2345000e+04
   1.8933000e+01   2.0426014e+01  -1.2345000e+04
   1.8933000e+01   1.9554043e+01  -1.2345000e+04
   1.8933000e+01   2.0327566e+01  -1.2345000e+04
   1.5485000e+01   2.0243181e+01  -1.2345000e+04
   1.5485000e+01   1.9103992e+01  -1.2345000e+04
   1.5485000e+01   1.8386726e+01  -1.2345000e+04
   1.5485000e+01   1.9849388e+01  -1.2345000e+04
   1.5485000e+01   1.8006996e+01  -1.2345000e+04
   1.5485000e+01   1.9554043e+01  -1.2345000e+04
   1.5485000e+01   1.9708748e+01  -1.2345000e+04
   1.5485000e+01   1.9863451e+01  -1.2345000e+04
   1.5485000e+01   2.1593330e+01  -1.2345000e+04
   1.5485000e+01   1.9497787e+01  -1.2345000e+04
   1.6034000e+01   2.0397886e+01  -1.2345000e+04
   1.6034000e+01   2.0622911e+01  -1.2345000e+04
   1.6034000e+01   2.2591879e+01  -1.2345000e+04
   1.6034000e+01   2.0144733e+01  -1.2345000e+04
   1.6034000e+01   1.9947836e+01  -1.2345000e+04
   1.6034000e+01   1.8569559e+01  -1.2345000e+04
   1.7947000e+01   2.1171410e+01  -1.2345000e+04
   1.7947000e+01   2.0566654e+01  -1.2345000e+04
   1.7947000e+01   1.9483723e+01  -1.2345000e+04
   1.7947000e+01   2.2169956e+01  -1.2345000e+04
   1.7947000e+01   2.1255793e+01  -1.2345000e+04
   2.3562000e+01   2.9114861e+01  -1.2345000e+04
   2.3562000e+01   2.8036430e+01  -1.2345000e+04
   2.3562000e+01   2.6467804e+01  -1.2345000e+04
   2.3562000e+01   2.5801138e+01  -1.2345000e+04
   2.3562000e+01   2.6977608e+01  -1.2345000e+04
   2.3562000e+01   2.7036432e+01  -1.2345000e+04
   2.3562000e+01   2.9271723e+01  -1.2345000e+04
   2.3562000e+01   2.6997217e+01  -1.2345000e+04
   1.8177000e+01   1.9120247e+01  -1.2345000e+04
   1.8177000e+01   2.0865974e+01  -1.2345000e+04
   1.8177000e+01   1.9099709e+01  -1.2345000e+04
   1.8177000e+01   2.2391499e+01  -1.2345000e+04
   1.8177000e+01   1.9630182e+01  -1.2345000e+04
   1.8177000e+01   1.9387745e+01  -1.2345000e+04
   1.8177000e+01   1.8747980e+01  -1.2345000e+04
   1.5234000e+01   1.8215963e+01  -1.2345000e+04
   1.5234000e+01   2.0209339e+01  -1.2345000e+04
   1.5234000e+01   1.9259792e+01  -1.2345000e+04
   1.5234000e+01   2.0269947e+01  -1.2345000e+04
   1.5234000e+01   2.1906803e+01  -1.2345000e+04
   1.5234000e+01   2.0052134e+01  -1.2345000e+04
   1.5234000e+01   1.9673819e+01  -1.2345000e+04
   1.5234000e+01   1.9636909e+01  -1.2345000e+04
   1.5234000e+01   1.9083277e+01  -1.2345000e+04
   1.5234000e+01   1.8640371e+01  -1.2345000e+04
   1.5234000e+01   1.9830681e+01  -1.2345000e+04
   1.7896000e+01   1.8898733e+01  -1.2345000e+04
   1.7896000e+01   1.8963324e+01  -1.2345000e+04
   1.7896000e+01   1.8575884e+01  -1.2345000e+04
   1.7896000e+01   1.9390520e+01  -1.2345000e+04
   1.7896000e+01   1.9147747e+01  -1.2345000e+04
   1.7896000e+01   1.8559700e+01  -1.2345000e+04
   1.7929000e+01   1.8872606e+01  -1.2345000e+04
   1.7929000e+01   1.8958925e+01  -1.2345000e+04
   1.7929000e+01   1.8505749e+01  -1.2345000e+04
   1.7929000e+01   1.9056034e+01  -1.2345000e+04
   1.7929000e+01   1.9390520e+01  -1.2345000e+04
   1.7929000e+01   1.9158537e+01  -1.2345000e+04
   1.6464000e+01   1.9854485e+01  -1.2345000e+04
   1.6464000e+01   2.0723070e+01  -1.2345000e+04
   1.6464000e+01   1.9439074e+01  -1.2345000e+04
   1.6464000e+01   1.9741190e+01  -1.2345000e+04
   1.6464000e+01   1.8894186e+01  -1.2345000e+04
   1.6464000e+01   1.9550293e+01  -1.2345000e+04
   1.6464000e+01   1.9795321e+01  -1.2345000e+04
   1.6172000e+01   1.9305265e+01  -1.2345000e+04
   1.6172000e+01   2.0390385e+01  -1.2345000e+04
   1.8568000e+01   1.9497162e+01  -1.2345000e+04
   1.8568000e+01   1.9524248e+01  -1.2345000e+04
   1.8568000e+01   1.9111181e+01  -1.2345000e+04
   1.8568000e+01   1.9646135e+01  -1.2345000e+04
   1.8568000e+01   1.9734167e+01  -1.2345000e+04
   1.3935000e+01   1.8731972e+01  -1.2345000e+04
   1.3935000e+01   1.9707081e+01  -1.2345000e+04
   1.3935000e+01   1.8948664e+01  -1.2345000e+04
   1.3935000e+01   1.8535597e+01  -1.2345000e+04
   1.3935000e+01   1.9620300e+01  -1.2345000e+04
   1.3935000e+01   1.8852760e+01  -1.2345000e+04
   1.8282000e+01   2.1332127e+01  -1.2345000e+04
   1.8282000e+01   2.1406614e+01  -1.2345000e+04
   1.8282000e+01   2.0917126e+01  -1.2345000e+04
   1.8282000e+01   1.9735968e+01  -1.2345000e+04
   1.8282000e+01   2.1619434e+01  -1.2345000e+04
   1.8294000e+01   2.1385332e+01  -1.2345000e+04
   1.8294000e+01   2.1449179e+01  -1.2345000e+04
   1.8294000e+01   2.0959690e+01  -1.2345000e+04
   1.8294000e+01   1.9810455e+01  -1.2345000e+04
   1.8294000e+01   2.1619434e+01  -1.2345000e+04
   1.6324000e+01   1.9714685e+01  -1.2345000e+04
   1.6324000e+01   2.0629816e+01  -1.2345000e+04
   1.6324000e+01   1.9267761e+01  -1.2345000e+04
   1.6324000e+01   2.0906485e+01  -1.2345000e+04
   1.6324000e+01   1.9618916e+01  -1.2345000e+04
   1.6324000e+01   1.9501865e+01  -1.2345000e+04
   1.6324000e+01   1.9916866e+01  -1.2345000e+04
   1.6324000e+01   1.8661221e+01  -1.2345000e+04
   1.6324000e+01   1.9406096e+01  -1.2345000e+04
   1.6324000e+01   1.9693403e+01  -1.2345000e+04
   1.6324000e+01   1.9352890e+01  -1.2345000e+04
   1.5764000e+01   1.9171991e+01  -1.2345000e+04
   1.5764000e+01   1.9948788e+01  -1.2345000e+04
   1.5764000e+01   1.8650579e+01  -1.2345000e+04
   1.5764000e+01   2.0257380e+01  -1.2345000e+04
   1.5764000e+01   1.9001736e+01  -1.2345000e+04
   1.5764000e+01   1.8959171e+01  -1.2345000e+04
   1.5764000e+01   1.9214556e+01  -1.2345000e+04
   1.5764000e+01   1.8012115e+01  -1.2345000e+04
   1.5764000e+01   1.8820837e+01  -1.2345000e+04
   1.5764000e+01   1.9076221e+01  -1.2345000e+04
   1.5764000e+01   1.8810196e+01  -1.2345000e+04
   1.8095000e+01   2.1161869e+01  -1.2345000e+04
   1.8095000e+01   2.1278921e+01  -1.2345000e+04
   1.8095000e+01   2.0778791e+01  -1.2345000e+04
   1.8095000e+01   1.9555069e+01  -1.2345000e+04
   1.8095000e+01   2.1459820e+01  -1.2345000e+04
   1.8295000e+01   2.1268280e+01  -1.2345000e+04
   1.8295000e+01   1.9352890e+01  -1.2345000e+04
   1.8295000e+01   1.9225197e+01  -1.2345000e+04
   1.8295000e+01   1.9757250e+01  -1.2345000e+04
   1.8295000e+01   1.8905966e+01  -1.2345000e+04
   1.8295000e+01   1.9416737e+01  -1.2345000e+04
   1.8295000e+01   1.9661480e+01  -1.2345000e+04
   1.8295000e+01   1.9480581e+01  -1.2345000e+04
   1.8295000e+01   1.8852760e+01  -1.2345000e+04
   2.3794000e+01   2.6867954e+01  -1.2345000e+04
   2.3794000e+01   2.4328611e+01  -1.2345000e+04
   2.3794000e+01   2.4747183e+01  -1.2345000e+04
   2.3794000e+01   2.5193663e+01  -1.2345000e+04
   2.3794000e+01   2.7119099e+01  -1.2345000e+04
   2.3376000e+01   2.4244896e+01  -1.2345000e+04
   2.3376000e+01   2.4328611e+01  -1.2345000e+04
   2.3376000e+01   2.4775089e+01  -1.2345000e+04
   2.3376000e+01   2.3868181e+01  -1.2345000e+04
   2.3376000e+01   2.4314659e+01  -1.2345000e+04
   2.3376000e+01   2.4747183e+01  -1.2345000e+04
   2.3376000e+01   2.4565802e+01  -1.2345000e+04
   2.3376000e+01   2.3923990e+01  -1.2345000e+04
   2.3213000e+01   2.4161182e+01  -1.2345000e+04
   2.3213000e+01   2.5849426e+01  -1.2345000e+04
   2.3213000e+01   2.4230944e+01  -1.2345000e+04
   2.3213000e+01   2.4719278e+01  -1.2345000e+04
   2.3213000e+01   2.3798418e+01  -1.2345000e+04
   2.3213000e+01   2.4593708e+01  -1.2345000e+04
   2.3213000e+01   2.4412325e+01  -1.2345000e+04
   2.3516000e+01   2.4496040e+01  -1.2345000e+04
   2.3516000e+01   2.6226143e+01  -1.2345000e+04
   2.3516000e+01   2.5068090e+01  -1.2345000e+04
   3.0006091e+02   3.0106091e+02  -1.2345000e+04
   2.3516000e+01   2.4157366e+01  -1.2345000e+04
   2.3516000e+01   2.4593393e+01  -1.2345000e+04
   2.3516000e+01   2.4978123e+01  -1.2345000e+04
   2.3516000e+01   2.4752415e+01  -1.2345000e+04
   2.3516000e+01   2.4141977e+01  -1.2345000e+04
   1.8481000e+01   2.1452520e+01  -1.2345000e+04
   1.8481000e+01   2.1493420e+01  -1.2345000e+04
   1.8481000e+01   2.1125332e+01  -1.2345000e+04
   1.8481000e+01   1.9980169e+01  -1.2345000e+04
   1.8481000e+01   2.1779711e+01  -1.2345000e+04
   2.3614000e+01   2.4888014e+01  -1.2345000e+04
   2.3614000e+01   2.4724419e+01  -1.2345000e+04
   2.3614000e+01   2.5174303e+01  -1.2345000e+04
   3.0013986e+02   3.0113986e+02  -1.2345000e+04
   2.3614000e+01   2.4779421e+01  -1.2345000e+04
   2.3614000e+01   2.4779421e+01  -1.2345000e+04
   2.3614000e+01   2.5050377e+01  -1.2345000e+04
   2.3614000e+01   2.4562660e+01  -1.2345000e+04
   3.0091656e+02   3.0191656e+02  -1.2345000e+04
   2.2587000e+01   2.4521341e+01  -1.2345000e+04
   2.2587000e+01   2.5806364e+01  -1.2345000e+04
   2.2587000e+01   2.5787741e+01  -1.2345000e+04
   2.2587000e+01   2.6011223e+01  -1.2345000e+04
   2.2587000e+01   2.6346447e+01  -1.2345000e+04
   3.0035135e+02   3.0135135e+02  -1.2345000e+04
   2.2587000e+01   2.5442778e+01  -1.2345000e+04
   2.2587000e+01   2.4611370e+01  -1.2345000e+04
   2.2587000e+01   2.4544857e+01  -1.2345000e+04
   2.2587000e+01   2.3680193e+01  -1.2345000e+04
   2.2587000e+01   2.5243238e+01  -1.2345000e+04
   2.3896000e+01   2.6972565e+01  -1.2345000e+04
   2.3896000e+01   2.4810907e+01  -1.2345000e+04
   2.3896000e+01   2.4810907e+01  -1.2345000e+04
   2.3896000e+01   2.5376263e+01  -1.2345000e+04
   2.3896000e+01   2.4511600e+01  -1.2345000e+04
   2.3896000e+01   2.4877420e+01  -1.2345000e+04
   2.3896000e+01   2.5276495e+01  -1.2345000e+04
   2.3896000e+01   2.5010445e+01  -1.2345000e+04
   2.3033000e+01   2.5742083e+01  -1.2345000e+04
   2.3033000e+01   2.4511600e+01  -1.2345000e+04
   2.3033000e+01   2.7271872e+01  -1.2345000e+04
   2.3033000e+01   2.4445087e+01  -1.2345000e+04
   2.3033000e+01   2.6307440e+01  -1.2345000e+04
   2.0677000e+01   2.6307440e+01  -1.2345000e+04
   2.0677000e+01   2.3181349e+01  -1.2345000e+04
   2.0677000e+01   2.5143471e+01  -1.2345000e+04
   2.0677000e+01   2.4677881e+01  -1.2345000e+04
   2.0677000e+01   2.4977188e+01  -1.2345000e+04
   2.0677000e+01   2.4511600e+01  -1.2345000e+04
   2.0677000e+01   2.4012756e+01  -1.2345000e+04
   2.0677000e+01   2.3813219e+01  -1.2345000e+04
   2.0677000e+01   2.4578114e+01  -1.2345000e+04
   2.0677000e+01   2.4463081e+01  -1.2345000e+04
   2.3487000e+01   2.6540234e+01  -1.2345000e+04
   2.3487000e+01   2.4445087e+01  -1.2345000e+04
   2.3487000e+01   2.6141159e+01  -1.2345000e+04
   2.3487000e+01   2.4411833e+01  -1.2345000e+04
   2.3487000e+01   2.4977188e+01  -1.2345000e+04
   2.3487000e+01   2.4079269e+01  -1.2345000e+04
   2.3487000e+01   2.4877420e+01  -1.2345000e+04
   2.3487000e+01   2.4634975e+01  -1.2345000e+04
   2.3602000e+01   2.6771643e+01  -1.2345000e+04
   2.3602000e+01   2.7792343e+01  -1.2345000e+04
   2.3602000e+01   2.6934956e+01  -1.2345000e+04
   2.3732000e+01   2.6798862e+01  -1.2345000e+04
   2.3732000e+01   2.7003002e+01  -1.2345000e+04
   2.3732000e+01   2.4675804e+01  -1.2345000e+04
   2.3732000e+01   2.6431410e+01  -1.2345000e+04
   2.3732000e+01   2.5220179e+01  -1.2345000e+04
   2.3590000e+01   2.6649158e+01  -1.2345000e+04
   2.3590000e+01   2.4580540e+01  -1.2345000e+04
   2.3590000e+01   2.4621367e+01  -1.2345000e+04
   2.3590000e+01   2.5070475e+01  -1.2345000e+04
   2.3590000e+01   2.4076994e+01  -1.2345000e+04
   2.3590000e+01   2.4703024e+01  -1.2345000e+04
   2.3590000e+01   2.5029648e+01  -1.2345000e+04
   2.3590000e+01   2.4798288e+01  -1.2345000e+04
   2.9949158e+02   3.0049158e+02  -1.2345000e+04
   3.0042267e+02   3.0142267e+02  -1.2345000e+04
   3.0042267e+02   3.0142267e+02  -1.2345000e+04
   3.0036789e+02   3.0136789e+02  -1.2345000e+04
   3.0107993e+02   3.0207993e+02  -1.2345000e+04
   3.0021021e+02   3.0121021e+02  -1.2345000e+04
   3.0051306e+02   3.0151306e+02  -1.2345000e+04
   2.9997467e+02   3.0097467e+02  -1.2345000e+04
   2.9990738e+02   3.0090738e+02  -1.2345000e+04
   3.0059720e+02   3.0159720e+02  -1.2345000e+04
   2.9968866e+02   3.0068866e+02  -1.2345000e+04
   2.9972229e+02   3.0072229e+02  -1.2345000e+04
   2.9980643e+02   3.0080643e+02  -1.2345000e+04
   2.9980643e+02   3.0080643e+02  -1.2345000e+04
   3.0002515e+02   3.0102515e+02  -1.2345000e+04
   2.9968866e+02   3.0068866e+02  -1.2345000e+04
   3.0063083e+02   3.0163083e+02  -1.2345000e+04
   2.9997467e+02   3.0097467e+02  -1.2345000e+04
   2.9958771e+02   3.0058771e+02  -1.2345000e+04
   2.9999149e+02   3.0099149e+02  -1.2345000e+04
   3.0036163e+02   3.0136163e+02  -1.2345000e+04
   3.0015973e+02   3.0115973e+02  -1.2345000e+04
   3.0079907e+02   3.0179907e+02  -1.2345000e+04
   3.0002515e+02   3.0102515e+02  -1.2345000e+04
   3.0034482e+02   3.0134482e+02  -1.2345000e+04
   2.9994101e+02   3.0094101e+02  -1.2345000e+04
   3.0022705e+02   3.0122705e+02  -1.2345000e+04
   2.9965500e+02   3.0065500e+02  -1.2345000e+04
   3.0049625e+02   3.0149625e+02  -1.2345000e+04
   2.9977277e+02   3.0077277e+02  -1.2345000e+04
   3.0059720e+02   3.0159720e+02  -1.2345000e+04
   3.0068130e+02   3.0168130e+02  -1.2345000e+04
   3.0066449e+02   3.0166449e+02  -1.2345000e+04
   3.0044577e+02   3.0144577e+02  -1.2345000e+04
   3.0056354e+02   3.0156354e+02  -1.2345000e+04
   3.0039529e+02   3.0139529e+02  -1.2345000e+04
   2.9910100e+02   3.0092419e+02  -1.2345000e+04
   3.0027753e+02   3.0127753e+02  -1.2345000e+04
   2.9999149e+02   3.0099149e+02  -1.2345000e+04
   2.9999149e+02   3.0099149e+02  -1.2345000e+04
   2.9940000e+02   3.0085690e+02  -1.2345000e+04
   2.9940000e+02   3.0119339e+02  -1.2345000e+04
   2.9940000e+02   3.0097467e+02  -1.2345000e+04
   2.9940000e+02   3.0072229e+02  -1.2345000e+04
   2.9950000e+02   3.0090738e+02  -1.2345000e+04
   3.0061401e+02   3.0161401e+02  -1.2345000e+04
   3.0032800e+02   3.0132800e+02  -1.2345000e+04
   3.0076544e+02   3.0176544e+02  -1.2345000e+04
   3.0042896e+02   3.0142896e+02  -1.2345000e+04
   3.0042896e+02   3.0110928e+02  -1.2345000e+04
   3.0042896e+02   3.0156354e+02  -1.2345000e+04
   3.0069815e+02   3.0169815e+02  -1.2345000e+04
   3.0041000e+02   3.0161401e+02  -1.2345000e+04
   3.0031116e+02   3.0131116e+02  -1.2345000e+04
   3.0026068e+02   3.0126068e+02  -1.2345000e+04
   3.0068130e+02   3.0168130e+02  -1.2345000e+04
   3.0021021e+02   3.0121021e+02  -1.2345000e+04
   2.9881375e+02   2.9981375e+02  -1.2345000e+04
   2.9981000e+02   3.0048676e+02  -1.2345000e+04
   2.9935214e+02   3.0035214e+02  -1.2345000e+04
   2.9948676e+02   3.0048676e+02  -1.2345000e+04
   2.9952042e+02   3.0052042e+02  -1.2345000e+04
   2.9985898e+02   3.0085898e+02  -1.2345000e+04
   2.9967664e+02   3.0067664e+02  -1.2345000e+04
